[gd_scene load_steps=18 format=2]

[ext_resource path="res://assets/meshes/compuquest-unity-neighborhood.obj" type="ArrayMesh" id=1]
[ext_resource path="res://entities/player/PlayerBody.tscn" type="PackedScene" id=2]
[ext_resource path="res://defining/AttachCharacter.gd" type="Script" id=4]
[ext_resource path="res://src/main/kotlin/scripts/entities/actor/AttachPlayer.kt" type="Script" id=5]
[ext_resource path="res://src/main/kotlin/scripts/entities/actor/AttachResource.kt" type="Script" id=6]
[ext_resource path="res://world/zones/Graveyard.tscn" type="PackedScene" id=7]
[ext_resource path="res://world/props/NightSky.tscn" type="PackedScene" id=8]
[ext_resource path="res://src/main/kotlin/scripts/world/RootNode.kt" type="Script" id=9]
[ext_resource path="res://world/zones/city/BuildingA.tscn" type="PackedScene" id=10]
[ext_resource path="res://world/zones/city/BuildingB.tscn" type="PackedScene" id=11]
[ext_resource path="res://assets/images/old-tiles/windows-lit.png" type="Texture" id=12]
[ext_resource path="res://world/zones/Mansion.tscn" type="PackedScene" id=13]
[ext_resource path="res://assets/materials/dev/prototype-grid.tres" type="Material" id=14]
[ext_resource path="res://entities/actor/ActorBodyCapsule.tscn" type="PackedScene" id=16]
[ext_resource path="res://entities/world/CharacterSlot.tscn" type="PackedScene" id=17]
[ext_resource path="res://defining/ZoneInstance.gd" type="Script" id=25]

[sub_resource type="SpatialMaterial" id=8]
albedo_texture = ExtResource( 12 )
uv1_scale = Vector3( 0.25, 0.25, 0.25 )
uv1_triplanar = true

[node name="root" type="Spatial"]
script = ExtResource( 9 )

[node name="joiner" type="CSGBox" parent="."]
transform = Transform( 1, 0, 1.06581e-14, 0, 1, 0, -1.06581e-14, 0, 1, -30.4829, -0.12651, 2.4829 )
use_collision = true
width = 20.0
height = 0.5
depth = 24.0
material = ExtResource( 14 )

[node name="neighborhood" type="Spatial" parent="."]
script = ExtResource( 25 )
faction = "undead"

[node name="player" parent="neighborhood" instance=ExtResource( 2 )]
transform = Transform( 1, 0, 0, 0, 1, 0, 0, 0, 1, 0, 1.17243, 0 )

[node name="player" type="Node" parent="neighborhood/player"]
script = ExtResource( 5 )

[node name="mana" type="Node" parent="neighborhood/player"]
script = ExtResource( 6 )

[node name="gold" type="Node" parent="neighborhood/player"]
script = ExtResource( 6 )

[node name="bob" type="Node" parent="neighborhood/player"]
script = ExtResource( 4 )

[node name="joe" type="Node" parent="neighborhood/player"]
script = ExtResource( 4 )

[node name="house2" type="Spatial" parent="neighborhood"]
transform = Transform( -0.258819, 0, -0.965925, 0, 1, 0, 0.965925, 0, -0.258819, 37.4762, -2, 33.5963 )

[node name="CSGCombiner" type="CSGCombiner" parent="neighborhood/house2"]
use_collision = true

[node name="walls" type="CSGBox" parent="neighborhood/house2/CSGCombiner"]
transform = Transform( -4.37114e-08, 0, -1, 0, 1, 0, 1, 0, -4.37114e-08, 0.482876, 4, 7.48288 )
use_collision = true
width = 10.0
height = 12.0
depth = 8.0
material = ExtResource( 14 )

[node name="walls2" type="CSGBox" parent="neighborhood/house2/CSGCombiner/walls"]
transform = Transform( 1, 0, 0, 0, 1, 0, 0, 0, 1, 0, -2, 7.00001 )
use_collision = true
width = 10.0
height = 8.0
depth = 10.0
material = ExtResource( 14 )

[node name="interior1" type="CSGBox" parent="neighborhood/house2/CSGCombiner"]
transform = Transform( -4.37114e-08, 0, -1, 0, 1, 0, 1, 0, -4.37114e-08, 0.482876, 4, 7.48288 )
operation = 2
use_collision = true
width = 8.0
height = 10.0
depth = 6.0
material = ExtResource( 14 )

[node name="front-doorway" type="CSGBox" parent="neighborhood/house2/CSGCombiner"]
transform = Transform( -4.37114e-08, 0, -1, 0, 1, 0, 1, 0, -4.37114e-08, 1.48288, 2, 4.48288 )
operation = 2
use_collision = true
width = 8.0
height = 4.0
material = ExtResource( 14 )

[node name="hall-door" type="CSGBox" parent="neighborhood/house2/CSGCombiner"]
transform = Transform( -4.37114e-08, 0, -1, 0, 1, 0, 1, 0, -4.37114e-08, -2.51713, 2, 8.48288 )
operation = 2
use_collision = true
width = 4.0
height = 4.0
depth = 4.0
material = ExtResource( 14 )

[node name="interior2" type="CSGBox" parent="neighborhood/house2/CSGCombiner"]
transform = Transform( -4.37114e-08, 0, -1, 0, 1, 0, 1, 0, -4.37114e-08, -7.51713, 2, 7.48288 )
operation = 2
use_collision = true
width = 8.0
height = 6.0
depth = 6.0
material = ExtResource( 14 )

[node name="window1" type="CSGBox" parent="neighborhood/house2/CSGCombiner"]
transform = Transform( -4.37114e-08, 0, -1, 0, 1, 0, 1, 0, -4.37114e-08, -6.51713, 2, 3.48288 )
operation = 2
use_collision = true
width = 4.0
depth = 3.0
material = ExtResource( 14 )

[node name="window2" type="CSGBox" parent="neighborhood/house2/CSGCombiner"]
transform = Transform( -4.37114e-08, 0, -1, 0, 1, 0, 1, 0, -4.37114e-08, -10.5171, 2, 7.48288 )
operation = 2
use_collision = true
depth = 3.0
material = ExtResource( 14 )

[node name="window3" type="CSGBox" parent="neighborhood/house2/CSGCombiner"]
transform = Transform( -4.37114e-08, 0, -1, 0, 1, 0, 1, 0, -4.37114e-08, 1.48287, 2, 11.4829 )
operation = 2
use_collision = true
material = ExtResource( 14 )

[node name="roof1" type="CSGBox" parent="neighborhood/house2"]
transform = Transform( -1.07285e-07, -0.707107, 0.707107, 0, 0.707107, 0.707107, -1, 7.58614e-08, -7.58614e-08, -2.48288, 11.8735, 7.48288 )
use_collision = true
width = 12.0
height = 0.5
depth = 8.0
material = ExtResource( 14 )

[node name="roof2" type="CSGBox" parent="neighborhood/house2"]
transform = Transform( -4.47035e-08, 0.707107, -0.707107, 0, 0.707107, 0.707107, 1, 4.47035e-08, -4.47035e-08, 3.51712, 11.8735, 7.48288 )
use_collision = true
width = 12.0
height = 0.5
depth = 8.0
material = ExtResource( 14 )

[node name="roof3" type="CSGBox" parent="neighborhood/house2"]
transform = Transform( 1, -9.0529e-09, -6.94656e-09, 1.13133e-08, 0.866025, 0.5, 1.48939e-09, -0.5, 0.866025, -7.48288, 6.87349, 4.48288 )
use_collision = true
width = 10.0
height = 0.5
depth = 6.422
material = ExtResource( 14 )

[node name="roof4" type="CSGBox" parent="neighborhood/house2"]
transform = Transform( -1, -4.37114e-08, 7.57104e-08, 0, 0.866025, 0.5, -8.74228e-08, 0.5, -0.866025, -7.48288, 6.87349, 10.4829 )
use_collision = true
width = 10.0
height = 0.5
depth = 6.422
material = ExtResource( 14 )

[node name="house3" type="Spatial" parent="neighborhood"]
transform = Transform( -0.707107, 0, -0.707107, 0, 1, 0, 0.707107, 0, -0.707107, 29.9292, 0, -15.7381 )

[node name="CSGCombiner" type="CSGCombiner" parent="neighborhood/house3"]
use_collision = true

[node name="walls" type="CSGBox" parent="neighborhood/house3/CSGCombiner"]
transform = Transform( -4.37114e-08, 0, -1, 0, 1, 0, 1, 0, -4.37114e-08, 0.482876, 4, 7.48288 )
use_collision = true
width = 10.0
height = 12.0
depth = 8.0
material = ExtResource( 14 )

[node name="walls2" type="CSGBox" parent="neighborhood/house3/CSGCombiner/walls"]
transform = Transform( 1, 0, 0, 0, 1, 0, 0, 0, 1, 0, -2, 7.00001 )
use_collision = true
width = 10.0
height = 8.0
depth = 10.0
material = ExtResource( 14 )

[node name="interior1" type="CSGBox" parent="neighborhood/house3/CSGCombiner"]
transform = Transform( -4.37114e-08, 0, -1, 0, 1, 0, 1, 0, -4.37114e-08, 0.482876, 4, 7.48288 )
operation = 2
use_collision = true
width = 8.0
height = 10.0
depth = 6.0
material = ExtResource( 14 )

[node name="front-doorway" type="CSGBox" parent="neighborhood/house3/CSGCombiner"]
transform = Transform( -4.37114e-08, 0, -1, 0, 1, 0, 1, 0, -4.37114e-08, 1.48288, 2, 4.48288 )
operation = 2
use_collision = true
width = 8.0
height = 4.0
material = ExtResource( 14 )

[node name="hall-door" type="CSGBox" parent="neighborhood/house3/CSGCombiner"]
transform = Transform( -4.37114e-08, 0, -1, 0, 1, 0, 1, 0, -4.37114e-08, -2.51713, 2, 8.48288 )
operation = 2
use_collision = true
width = 4.0
height = 4.0
depth = 4.0
material = ExtResource( 14 )

[node name="interior2" type="CSGBox" parent="neighborhood/house3/CSGCombiner"]
transform = Transform( -4.37114e-08, 0, -1, 0, 1, 0, 1, 0, -4.37114e-08, -7.51713, 2, 7.48288 )
operation = 2
use_collision = true
width = 8.0
height = 6.0
depth = 6.0
material = ExtResource( 14 )

[node name="window1" type="CSGBox" parent="neighborhood/house3/CSGCombiner"]
transform = Transform( -4.37114e-08, 0, -1, 0, 1, 0, 1, 0, -4.37114e-08, -6.51713, 2, 3.48288 )
operation = 2
use_collision = true
width = 4.0
depth = 3.0
material = ExtResource( 14 )

[node name="window2" type="CSGBox" parent="neighborhood/house3/CSGCombiner"]
transform = Transform( -4.37114e-08, 0, -1, 0, 1, 0, 1, 0, -4.37114e-08, -10.5171, 2, 7.48288 )
operation = 2
use_collision = true
depth = 3.0
material = ExtResource( 14 )

[node name="window3" type="CSGBox" parent="neighborhood/house3/CSGCombiner"]
transform = Transform( -4.37114e-08, 0, -1, 0, 1, 0, 1, 0, -4.37114e-08, 1.48287, 2, 11.4829 )
operation = 2
use_collision = true
material = ExtResource( 14 )

[node name="roof1" type="CSGBox" parent="neighborhood/house3"]
transform = Transform( -1.07285e-07, -0.707107, 0.707107, 0, 0.707107, 0.707107, -1, 7.58614e-08, -7.58614e-08, -2.48288, 11.8735, 7.48288 )
use_collision = true
width = 12.0
height = 0.5
depth = 8.0
material = ExtResource( 14 )

[node name="roof2" type="CSGBox" parent="neighborhood/house3"]
transform = Transform( -4.37114e-08, 0.707107, -0.707107, 0, 0.707107, 0.707107, 1, 3.09086e-08, -3.09086e-08, 3.51712, 11.8735, 7.48288 )
use_collision = true
width = 12.0
height = 0.5
depth = 8.0
material = ExtResource( 14 )

[node name="roof3" type="CSGBox" parent="neighborhood/house3"]
transform = Transform( 1, -9.0529e-09, -6.94656e-09, 1.13133e-08, 0.866025, 0.5, 1.48939e-09, -0.5, 0.866025, -7.48288, 6.87349, 4.48288 )
use_collision = true
width = 10.0
height = 0.5
depth = 6.422
material = ExtResource( 14 )

[node name="roof4" type="CSGBox" parent="neighborhood/house3"]
transform = Transform( -1, -4.37114e-08, 7.57104e-08, 0, 0.866025, 0.5, -8.74228e-08, 0.5, -0.866025, -7.48288, 6.87349, 10.4829 )
use_collision = true
width = 10.0
height = 0.5
depth = 6.422
material = ExtResource( 14 )

[node name="house4" type="Spatial" parent="neighborhood"]
transform = Transform( -0.5, 0, -0.866025, 0, 1, 0, 0.866025, 0, -0.5, -12.1828, 4, -19.1882 )

[node name="CSGCombiner" type="CSGCombiner" parent="neighborhood/house4"]
use_collision = true

[node name="walls" type="CSGBox" parent="neighborhood/house4/CSGCombiner"]
transform = Transform( -5.96046e-08, 0, -1, 0, 1, 0, 1, 0, -5.96046e-08, 0.482874, 4, 7.48288 )
use_collision = true
width = 10.0
height = 12.0
depth = 8.0
material = ExtResource( 14 )

[node name="walls2" type="CSGBox" parent="neighborhood/house4/CSGCombiner/walls"]
transform = Transform( 1, 0, 0, 0, 1, 0, 0, 0, 1, 0, -2, 7.00001 )
use_collision = true
width = 10.0
height = 8.0
depth = 10.0
material = ExtResource( 14 )

[node name="interior1" type="CSGBox" parent="neighborhood/house4/CSGCombiner"]
transform = Transform( -5.96046e-08, 0, -1, 0, 1, 0, 1, 0, -5.96046e-08, 0.482876, 4, 7.48288 )
operation = 2
use_collision = true
width = 8.0
height = 10.0
depth = 6.0
material = ExtResource( 14 )

[node name="front-doorway" type="CSGBox" parent="neighborhood/house4/CSGCombiner"]
transform = Transform( -4.37114e-08, 0, -1, 0, 1, 0, 1, 0, -4.37114e-08, 1.48288, 2, 4.48288 )
operation = 2
use_collision = true
width = 8.0
height = 4.0
material = ExtResource( 14 )

[node name="hall-door" type="CSGBox" parent="neighborhood/house4/CSGCombiner"]
transform = Transform( -4.37114e-08, 0, -1, 0, 1, 0, 1, 0, -4.37114e-08, -2.51713, 2, 8.48288 )
operation = 2
use_collision = true
width = 4.0
height = 4.0
depth = 4.0
material = ExtResource( 14 )

[node name="interior2" type="CSGBox" parent="neighborhood/house4/CSGCombiner"]
transform = Transform( -4.37114e-08, 0, -1, 0, 1, 0, 1, 0, -4.37114e-08, -7.51713, 2, 7.48288 )
operation = 2
use_collision = true
width = 8.0
height = 6.0
depth = 6.0
material = ExtResource( 14 )

[node name="window1" type="CSGBox" parent="neighborhood/house4/CSGCombiner"]
transform = Transform( -4.37114e-08, 0, -1, 0, 1, 0, 1, 0, -4.37114e-08, -6.51713, 2, 3.48288 )
operation = 2
use_collision = true
width = 4.0
depth = 3.0
material = ExtResource( 14 )

[node name="window2" type="CSGBox" parent="neighborhood/house4/CSGCombiner"]
transform = Transform( -4.37114e-08, 0, -1, 0, 1, 0, 1, 0, -4.37114e-08, -10.5171, 2, 7.48288 )
operation = 2
use_collision = true
depth = 3.0
material = ExtResource( 14 )

[node name="window3" type="CSGBox" parent="neighborhood/house4/CSGCombiner"]
transform = Transform( -4.37114e-08, 0, -1, 0, 1, 0, 1, 0, -4.37114e-08, 1.48287, 2, 11.4829 )
operation = 2
use_collision = true
material = ExtResource( 14 )

[node name="roof1" type="CSGBox" parent="neighborhood/house4"]
transform = Transform( -1.07285e-07, -0.707107, 0.707107, 0, 0.707107, 0.707107, -1, 7.58614e-08, -7.58614e-08, -2.48288, 11.8735, 7.48288 )
use_collision = true
width = 12.0
height = 0.5
depth = 8.0
material = ExtResource( 14 )

[node name="roof2" type="CSGBox" parent="neighborhood/house4"]
transform = Transform( -4.37114e-08, 0.707107, -0.707107, 0, 0.707107, 0.707107, 1, 3.09086e-08, -3.09086e-08, 3.51712, 11.8735, 7.48288 )
use_collision = true
width = 12.0
height = 0.5
depth = 8.0
material = ExtResource( 14 )

[node name="roof3" type="CSGBox" parent="neighborhood/house4"]
transform = Transform( 1, -9.0529e-09, -6.94656e-09, 1.13133e-08, 0.866025, 0.5, 1.48939e-09, -0.5, 0.866025, -7.48288, 6.87349, 4.48288 )
use_collision = true
width = 10.0
height = 0.5
depth = 6.422
material = ExtResource( 14 )

[node name="roof4" type="CSGBox" parent="neighborhood/house4"]
transform = Transform( -1, -4.37114e-08, 7.57104e-08, 0, 0.866025, 0.5, -8.74228e-08, 0.5, -0.866025, -7.48288, 6.87349, 10.4829 )
use_collision = true
width = 10.0
height = 0.5
depth = 6.422
material = ExtResource( 14 )

[node name="house5" type="Spatial" parent="neighborhood"]
transform = Transform( 0.258819, 0, -0.965926, 0, 1, 0, 0.965926, 0, 0.258819, -7.65655, -1, 36.8477 )

[node name="CSGCombiner" type="CSGCombiner" parent="neighborhood/house5"]
use_collision = true

[node name="walls" type="CSGBox" parent="neighborhood/house5/CSGCombiner"]
transform = Transform( -4.37114e-08, 0, -1, 0, 1, 0, 1, 0, -4.37114e-08, 0.482876, 4, 7.48288 )
use_collision = true
width = 10.0
height = 12.0
depth = 8.0
material = ExtResource( 14 )

[node name="walls2" type="CSGBox" parent="neighborhood/house5/CSGCombiner/walls"]
transform = Transform( 1, 0, 0, 0, 1, 0, 0, 0, 1, 0, -2, 7.00001 )
use_collision = true
width = 10.0
height = 8.0
depth = 10.0
material = ExtResource( 14 )

[node name="interior1" type="CSGBox" parent="neighborhood/house5/CSGCombiner"]
transform = Transform( -4.37114e-08, 0, -1, 0, 1, 0, 1, 0, -4.37114e-08, 0.482876, 4, 7.48288 )
operation = 2
use_collision = true
width = 8.0
height = 10.0
depth = 6.0
material = ExtResource( 14 )

[node name="front-doorway" type="CSGBox" parent="neighborhood/house5/CSGCombiner"]
transform = Transform( -4.37114e-08, 0, -1, 0, 1, 0, 1, 0, -4.37114e-08, 1.48288, 2, 4.48288 )
operation = 2
use_collision = true
width = 8.0
height = 4.0
material = ExtResource( 14 )

[node name="hall-door" type="CSGBox" parent="neighborhood/house5/CSGCombiner"]
transform = Transform( -4.37114e-08, 0, -1, 0, 1, 0, 1, 0, -4.37114e-08, -2.51713, 2, 8.48288 )
operation = 2
use_collision = true
width = 4.0
height = 4.0
depth = 4.0
material = ExtResource( 14 )

[node name="interior2" type="CSGBox" parent="neighborhood/house5/CSGCombiner"]
transform = Transform( -4.37114e-08, 0, -1, 0, 1, 0, 1, 0, -4.37114e-08, -7.51713, 2, 7.48288 )
operation = 2
use_collision = true
width = 8.0
height = 6.0
depth = 6.0
material = ExtResource( 14 )

[node name="window1" type="CSGBox" parent="neighborhood/house5/CSGCombiner"]
transform = Transform( -4.37114e-08, 0, -1, 0, 1, 0, 1, 0, -4.37114e-08, -6.51713, 2, 3.48288 )
operation = 2
use_collision = true
width = 4.0
depth = 3.0
material = ExtResource( 14 )

[node name="window2" type="CSGBox" parent="neighborhood/house5/CSGCombiner"]
transform = Transform( -4.37114e-08, 0, -1, 0, 1, 0, 1, 0, -4.37114e-08, -10.5171, 2, 7.48288 )
operation = 2
use_collision = true
depth = 3.0
material = ExtResource( 14 )

[node name="window3" type="CSGBox" parent="neighborhood/house5/CSGCombiner"]
transform = Transform( -4.37114e-08, 0, -1, 0, 1, 0, 1, 0, -4.37114e-08, 1.48287, 2, 11.4829 )
operation = 2
use_collision = true
material = ExtResource( 14 )

[node name="roof1" type="CSGBox" parent="neighborhood/house5"]
transform = Transform( -1.07285e-07, -0.707107, 0.707107, 0, 0.707107, 0.707107, -1, 7.58614e-08, -7.58614e-08, -2.48288, 11.8735, 7.48288 )
use_collision = true
width = 12.0
height = 0.5
depth = 8.0
material = ExtResource( 14 )

[node name="roof2" type="CSGBox" parent="neighborhood/house5"]
transform = Transform( -4.37114e-08, 0.707107, -0.707107, 0, 0.707107, 0.707107, 1, 3.09086e-08, -3.09086e-08, 3.51712, 11.8735, 7.48288 )
use_collision = true
width = 12.0
height = 0.5
depth = 8.0
material = ExtResource( 14 )

[node name="roof3" type="CSGBox" parent="neighborhood/house5"]
transform = Transform( 1, -9.0529e-09, -6.94656e-09, 1.13133e-08, 0.866025, 0.5, 1.48939e-09, -0.5, 0.866025, -7.48288, 6.87349, 4.48288 )
use_collision = true
width = 10.0
height = 0.5
depth = 6.422
material = ExtResource( 14 )

[node name="roof4" type="CSGBox" parent="neighborhood/house5"]
transform = Transform( -1, -4.37114e-08, 7.57104e-08, 0, 0.866025, 0.5, -8.74228e-08, 0.5, -0.866025, -7.48288, 6.87349, 10.4829 )
use_collision = true
width = 10.0
height = 0.5
depth = 6.422
material = ExtResource( 14 )

[node name="house6" type="Spatial" parent="neighborhood"]
transform = Transform( 0.258819, 0, -0.965926, 0, 1, 0, 0.965926, 0, 0.258819, -6.65655, 1, 4.84767 )

[node name="CSGCombiner" type="CSGCombiner" parent="neighborhood/house6"]
use_collision = true

[node name="walls" type="CSGBox" parent="neighborhood/house6/CSGCombiner"]
transform = Transform( -4.37114e-08, 0, -1, 0, 1, 0, 1, 0, -4.37114e-08, 0.482876, 4, 7.48288 )
use_collision = true
width = 10.0
height = 12.0
depth = 8.0
material = ExtResource( 14 )

[node name="walls2" type="CSGBox" parent="neighborhood/house6/CSGCombiner/walls"]
transform = Transform( 1, 0, 0, 0, 1, 0, 0, 0, 1, 0, -2, 7.00001 )
use_collision = true
width = 10.0
height = 8.0
depth = 10.0
material = ExtResource( 14 )

[node name="interior1" type="CSGBox" parent="neighborhood/house6/CSGCombiner"]
transform = Transform( -4.37114e-08, 0, -1, 0, 1, 0, 1, 0, -4.37114e-08, 0.482876, 4, 7.48288 )
operation = 2
use_collision = true
width = 8.0
height = 10.0
depth = 6.0
material = ExtResource( 14 )

[node name="front-doorway" type="CSGBox" parent="neighborhood/house6/CSGCombiner"]
transform = Transform( -4.37114e-08, 0, -1, 0, 1, 0, 1, 0, -4.37114e-08, 1.48288, 2, 4.48288 )
operation = 2
use_collision = true
width = 8.0
height = 4.0
material = ExtResource( 14 )

[node name="hall-door" type="CSGBox" parent="neighborhood/house6/CSGCombiner"]
transform = Transform( -4.37114e-08, 0, -1, 0, 1, 0, 1, 0, -4.37114e-08, -2.51713, 2, 8.48288 )
operation = 2
use_collision = true
width = 4.0
height = 4.0
depth = 4.0
material = ExtResource( 14 )

[node name="interior2" type="CSGBox" parent="neighborhood/house6/CSGCombiner"]
transform = Transform( -4.37114e-08, 0, -1, 0, 1, 0, 1, 0, -4.37114e-08, -7.51713, 2, 7.48288 )
operation = 2
use_collision = true
width = 8.0
height = 6.0
depth = 6.0
material = ExtResource( 14 )

[node name="window1" type="CSGBox" parent="neighborhood/house6/CSGCombiner"]
transform = Transform( -4.37114e-08, 0, -1, 0, 1, 0, 1, 0, -4.37114e-08, -6.51713, 2, 3.48288 )
operation = 2
use_collision = true
width = 4.0
depth = 3.0
material = ExtResource( 14 )

[node name="window2" type="CSGBox" parent="neighborhood/house6/CSGCombiner"]
transform = Transform( -4.37114e-08, 0, -1, 0, 1, 0, 1, 0, -4.37114e-08, -10.5171, 2, 7.48288 )
operation = 2
use_collision = true
depth = 3.0
material = ExtResource( 14 )

[node name="window3" type="CSGBox" parent="neighborhood/house6/CSGCombiner"]
transform = Transform( -4.37114e-08, 0, -1, 0, 1, 0, 1, 0, -4.37114e-08, 1.48287, 2, 11.4829 )
operation = 2
use_collision = true
material = ExtResource( 14 )

[node name="roof1" type="CSGBox" parent="neighborhood/house6"]
transform = Transform( -1.07285e-07, -0.707107, 0.707107, 0, 0.707107, 0.707107, -1, 7.58614e-08, -7.58614e-08, -2.48288, 11.8735, 7.48288 )
use_collision = true
width = 12.0
height = 0.5
depth = 8.0
material = ExtResource( 14 )

[node name="roof2" type="CSGBox" parent="neighborhood/house6"]
transform = Transform( -4.37114e-08, 0.707107, -0.707107, 0, 0.707107, 0.707107, 1, 3.09086e-08, -3.09086e-08, 3.51712, 11.8735, 7.48288 )
use_collision = true
width = 12.0
height = 0.5
depth = 8.0
material = ExtResource( 14 )

[node name="roof3" type="CSGBox" parent="neighborhood/house6"]
transform = Transform( 1, -9.0529e-09, -6.94656e-09, 1.13133e-08, 0.866025, 0.5, 1.48939e-09, -0.5, 0.866025, -7.48288, 6.87349, 4.48288 )
use_collision = true
width = 10.0
height = 0.5
depth = 6.422
material = ExtResource( 14 )

[node name="roof4" type="CSGBox" parent="neighborhood/house6"]
transform = Transform( -1, -4.37114e-08, 7.57104e-08, 0, 0.866025, 0.5, -8.74228e-08, 0.5, -0.866025, -7.48288, 6.87349, 10.4829 )
use_collision = true
width = 10.0
height = 0.5
depth = 6.422
material = ExtResource( 14 )

[node name="house7" type="Spatial" parent="neighborhood"]
transform = Transform( 0.866025, 0, -0.5, 0, 1, 0, 0.5, 0, 0.866025, 13.3434, 1, 54.8477 )

[node name="foo" type="CSGCombiner" parent="neighborhood/house7"]
use_collision = true

[node name="walls" type="CSGBox" parent="neighborhood/house7/foo"]
transform = Transform( -4.37114e-08, 0, -1, 0, 1, 0, 1, 0, -4.37114e-08, 0.482876, 4, 7.48288 )
use_collision = true
width = 10.0
height = 12.0
depth = 8.0
material = ExtResource( 14 )

[node name="walls2" type="CSGBox" parent="neighborhood/house7/foo/walls"]
transform = Transform( 1, 0, 0, 0, 1, 0, 0, 0, 1, 0, -2, 7.00001 )
use_collision = true
width = 10.0
height = 8.0
depth = 10.0
material = ExtResource( 14 )

[node name="interior1" type="CSGBox" parent="neighborhood/house7/foo"]
transform = Transform( -4.37114e-08, 0, -1, 0, 1, 0, 1, 0, -4.37114e-08, 0.482876, 4, 7.48288 )
operation = 2
use_collision = true
width = 8.0
height = 10.0
depth = 6.0
material = ExtResource( 14 )

[node name="front-doorway" type="CSGBox" parent="neighborhood/house7/foo"]
transform = Transform( -4.37114e-08, 0, -1, 0, 1, 0, 1, 0, -4.37114e-08, 1.48288, 2, 4.48288 )
operation = 2
use_collision = true
width = 8.0
height = 4.0
material = ExtResource( 14 )

[node name="hall-door" type="CSGBox" parent="neighborhood/house7/foo"]
transform = Transform( -4.37114e-08, 0, -1, 0, 1, 0, 1, 0, -4.37114e-08, -2.51713, 2, 8.48288 )
operation = 2
use_collision = true
width = 4.0
height = 4.0
depth = 4.0
material = ExtResource( 14 )

[node name="interior2" type="CSGBox" parent="neighborhood/house7/foo"]
transform = Transform( -4.37114e-08, 0, -1, 0, 1, 0, 1, 0, -4.37114e-08, -7.51713, 2, 7.48288 )
operation = 2
use_collision = true
width = 8.0
height = 6.0
depth = 6.0
material = ExtResource( 14 )

[node name="window1" type="CSGBox" parent="neighborhood/house7/foo"]
transform = Transform( -4.37114e-08, 0, -1, 0, 1, 0, 1, 0, -4.37114e-08, -6.51713, 2, 3.48288 )
operation = 2
use_collision = true
width = 4.0
depth = 3.0
material = ExtResource( 14 )

[node name="window2" type="CSGBox" parent="neighborhood/house7/foo"]
transform = Transform( -4.37114e-08, 0, -1, 0, 1, 0, 1, 0, -4.37114e-08, -10.5171, 2, 7.48288 )
operation = 2
use_collision = true
depth = 3.0
material = ExtResource( 14 )

[node name="window3" type="CSGBox" parent="neighborhood/house7/foo"]
transform = Transform( -4.37114e-08, 0, -1, 0, 1, 0, 1, 0, -4.37114e-08, 1.48287, 2, 11.4829 )
operation = 2
use_collision = true
material = ExtResource( 14 )

[node name="roof1" type="CSGBox" parent="neighborhood/house7"]
transform = Transform( -1.07285e-07, -0.707107, 0.707107, 0, 0.707107, 0.707107, -1, 7.58614e-08, -7.58614e-08, -2.48288, 11.8735, 7.48288 )
use_collision = true
width = 12.0
height = 0.5
depth = 8.0
material = ExtResource( 14 )

[node name="roof2" type="CSGBox" parent="neighborhood/house7"]
transform = Transform( -4.37114e-08, 0.707107, -0.707107, 0, 0.707107, 0.707107, 1, 3.09086e-08, -3.09086e-08, 3.51712, 11.8735, 7.48288 )
use_collision = true
width = 12.0
height = 0.5
depth = 8.0
material = ExtResource( 14 )

[node name="roof3" type="CSGBox" parent="neighborhood/house7"]
transform = Transform( 1, -9.0529e-09, -6.94656e-09, 1.13133e-08, 0.866025, 0.5, 1.48939e-09, -0.5, 0.866025, -7.48288, 6.87349, 4.48288 )
use_collision = true
width = 10.0
height = 0.5
depth = 6.422
material = ExtResource( 14 )

[node name="roof4" type="CSGBox" parent="neighborhood/house7"]
transform = Transform( -1, -4.37114e-08, 7.57104e-08, 0, 0.866025, 0.5, -8.74228e-08, 0.5, -0.866025, -7.48288, 6.87349, 10.4829 )
use_collision = true
width = 10.0
height = 0.5
depth = 6.422
material = ExtResource( 14 )

[node name="house8" type="Spatial" parent="neighborhood"]
transform = Transform( -1, 0, 5.96046e-08, 0, 1, 0, -5.96046e-08, 0, -1, 7.3434, 7, -44.1523 )

[node name="CSGCombiner" type="CSGCombiner" parent="neighborhood/house8"]
use_collision = true

[node name="walls" type="CSGBox" parent="neighborhood/house8/CSGCombiner"]
transform = Transform( -4.37114e-08, 0, -1, 0, 1, 0, 1, 0, -4.37114e-08, 0.482876, 4, 7.48288 )
use_collision = true
width = 10.0
height = 12.0
depth = 8.0
material = ExtResource( 14 )

[node name="walls2" type="CSGBox" parent="neighborhood/house8/CSGCombiner/walls"]
transform = Transform( 1, 0, 0, 0, 1, 0, 0, 0, 1, 0, -2, 7.00001 )
use_collision = true
width = 10.0
height = 8.0
depth = 10.0
material = ExtResource( 14 )

[node name="interior1" type="CSGBox" parent="neighborhood/house8/CSGCombiner"]
transform = Transform( -4.37114e-08, 0, -1, 0, 1, 0, 1, 0, -4.37114e-08, 0.482876, 4, 7.48288 )
operation = 2
use_collision = true
width = 8.0
height = 10.0
depth = 6.0
material = ExtResource( 14 )

[node name="front-doorway" type="CSGBox" parent="neighborhood/house8/CSGCombiner"]
transform = Transform( -4.37114e-08, 0, -1, 0, 1, 0, 1, 0, -4.37114e-08, 1.48288, 2, 4.48288 )
operation = 2
use_collision = true
width = 8.0
height = 4.0
material = ExtResource( 14 )

[node name="hall-door" type="CSGBox" parent="neighborhood/house8/CSGCombiner"]
transform = Transform( -4.37114e-08, 0, -1, 0, 1, 0, 1, 0, -4.37114e-08, -2.51713, 2, 8.48288 )
operation = 2
use_collision = true
width = 4.0
height = 4.0
depth = 4.0
material = ExtResource( 14 )

[node name="interior2" type="CSGBox" parent="neighborhood/house8/CSGCombiner"]
transform = Transform( -4.37114e-08, 0, -1, 0, 1, 0, 1, 0, -4.37114e-08, -7.51713, 2, 7.48288 )
operation = 2
use_collision = true
width = 8.0
height = 6.0
depth = 6.0
material = ExtResource( 14 )

[node name="window1" type="CSGBox" parent="neighborhood/house8/CSGCombiner"]
transform = Transform( -4.37114e-08, 0, -1, 0, 1, 0, 1, 0, -4.37114e-08, -6.51713, 2, 3.48288 )
operation = 2
use_collision = true
width = 4.0
depth = 3.0
material = ExtResource( 14 )

[node name="window2" type="CSGBox" parent="neighborhood/house8/CSGCombiner"]
transform = Transform( -4.37114e-08, 0, -1, 0, 1, 0, 1, 0, -4.37114e-08, -10.5171, 2, 7.48288 )
operation = 2
use_collision = true
depth = 3.0
material = ExtResource( 14 )

[node name="window3" type="CSGBox" parent="neighborhood/house8/CSGCombiner"]
transform = Transform( -4.37114e-08, 0, -1, 0, 1, 0, 1, 0, -4.37114e-08, 1.48287, 2, 11.4829 )
operation = 2
use_collision = true
material = ExtResource( 14 )

[node name="roof1" type="CSGBox" parent="neighborhood/house8"]
transform = Transform( -1.07285e-07, -0.707107, 0.707107, 0, 0.707107, 0.707107, -1, 7.58614e-08, -7.58614e-08, -2.48288, 11.8735, 7.48288 )
use_collision = true
width = 12.0
height = 0.5
depth = 8.0
material = ExtResource( 14 )

[node name="roof2" type="CSGBox" parent="neighborhood/house8"]
transform = Transform( -4.37114e-08, 0.707107, -0.707107, 0, 0.707107, 0.707107, 1, 3.09086e-08, -3.09086e-08, 3.51712, 11.8735, 7.48288 )
use_collision = true
width = 12.0
height = 0.5
depth = 8.0
material = ExtResource( 14 )

[node name="roof3" type="CSGBox" parent="neighborhood/house8"]
transform = Transform( 1, -9.0529e-09, -6.94656e-09, 1.13133e-08, 0.866025, 0.5, 1.48939e-09, -0.5, 0.866025, -7.48288, 6.87349, 4.48288 )
use_collision = true
width = 10.0
height = 0.5
depth = 6.422
material = ExtResource( 14 )

[node name="roof4" type="CSGBox" parent="neighborhood/house8"]
transform = Transform( -1, -4.37114e-08, 7.57104e-08, 0, 0.866025, 0.5, -8.74228e-08, 0.5, -0.866025, -7.48288, 6.87349, 10.4829 )
use_collision = true
width = 10.0
height = 0.5
depth = 6.422
material = ExtResource( 14 )

[node name="proto-house-lot" type="Spatial" parent="neighborhood"]
transform = Transform( -4.37114e-08, 0, 1, 0, 1, 0, -1, 0, -4.37114e-08, 29.727, 2, 0 )

[node name="house" type="Spatial" parent="neighborhood/proto-house-lot"]

[node name="CSGCombiner" type="CSGCombiner" parent="neighborhood/proto-house-lot/house"]
use_collision = true

[node name="walls" type="CSGBox" parent="neighborhood/proto-house-lot/house/CSGCombiner"]
transform = Transform( -4.37114e-08, 0, -1, 0, 1, 0, 1, 0, -4.37114e-08, 0.482876, 4, 7.48288 )
use_collision = true
width = 10.0
height = 12.0
depth = 8.0
material = ExtResource( 14 )

[node name="walls2" type="CSGBox" parent="neighborhood/proto-house-lot/house/CSGCombiner/walls"]
transform = Transform( 1, 0, 0, 0, 1, 0, 0, 0, 1, 0, -2, 7.00001 )
use_collision = true
width = 10.0
height = 8.0
depth = 10.0
material = ExtResource( 14 )

[node name="interior1" type="CSGBox" parent="neighborhood/proto-house-lot/house/CSGCombiner"]
transform = Transform( -4.37114e-08, 0, -1, 0, 1, 0, 1, 0, -4.37114e-08, 0.482876, 4, 7.48288 )
operation = 2
use_collision = true
width = 8.0
height = 10.0
depth = 6.0
material = ExtResource( 14 )

[node name="front-doorway" type="CSGBox" parent="neighborhood/proto-house-lot/house/CSGCombiner"]
transform = Transform( -4.37114e-08, 0, -1, 0, 1, 0, 1, 0, -4.37114e-08, 1.48288, 2, 4.48288 )
operation = 2
use_collision = true
width = 8.0
height = 4.0
material = ExtResource( 14 )

[node name="hall-door" type="CSGBox" parent="neighborhood/proto-house-lot/house/CSGCombiner"]
transform = Transform( -4.37114e-08, 0, -1, 0, 1, 0, 1, 0, -4.37114e-08, -2.51713, 2, 8.48288 )
operation = 2
use_collision = true
width = 4.0
height = 4.0
depth = 4.0
material = ExtResource( 14 )

[node name="interior2" type="CSGBox" parent="neighborhood/proto-house-lot/house/CSGCombiner"]
transform = Transform( -4.37114e-08, 0, -1, 0, 1, 0, 1, 0, -4.37114e-08, -7.51713, 2, 7.48288 )
operation = 2
use_collision = true
width = 8.0
height = 6.0
depth = 6.0
material = ExtResource( 14 )

[node name="window1" type="CSGBox" parent="neighborhood/proto-house-lot/house/CSGCombiner"]
transform = Transform( -4.37114e-08, 0, -1, 0, 1, 0, 1, 0, -4.37114e-08, -6.51713, 2, 3.48288 )
operation = 2
use_collision = true
width = 4.0
depth = 3.0
material = ExtResource( 14 )

[node name="window2" type="CSGBox" parent="neighborhood/proto-house-lot/house/CSGCombiner"]
transform = Transform( -4.37114e-08, 0, -1, 0, 1, 0, 1, 0, -4.37114e-08, -10.5171, 2, 7.48288 )
operation = 2
use_collision = true
depth = 3.0
material = ExtResource( 14 )

[node name="window3" type="CSGBox" parent="neighborhood/proto-house-lot/house/CSGCombiner"]
transform = Transform( -4.37114e-08, 0, -1, 0, 1, 0, 1, 0, -4.37114e-08, 1.48287, 2, 11.4829 )
operation = 2
use_collision = true
material = ExtResource( 14 )

[node name="roof1" type="CSGBox" parent="neighborhood/proto-house-lot/house"]
transform = Transform( -1.07285e-07, -0.707107, 0.707107, 0, 0.707107, 0.707107, -1, 7.58614e-08, -7.58614e-08, -2.48288, 11.8735, 7.48288 )
use_collision = true
width = 12.0
height = 0.5
depth = 8.0
material = ExtResource( 14 )

[node name="roof2" type="CSGBox" parent="neighborhood/proto-house-lot/house"]
transform = Transform( -4.37114e-08, 0.707107, -0.707107, 0, 0.707107, 0.707107, 1, 3.09086e-08, -3.09086e-08, 3.51712, 11.8735, 7.48288 )
use_collision = true
width = 12.0
height = 0.5
depth = 8.0
material = ExtResource( 14 )

[node name="roof3" type="CSGBox" parent="neighborhood/proto-house-lot/house"]
transform = Transform( 1, -9.0529e-09, -6.94656e-09, 1.13133e-08, 0.866025, 0.5, 1.48939e-09, -0.5, 0.866025, -7.48288, 6.87349, 4.48288 )
use_collision = true
width = 10.0
height = 0.5
depth = 6.422
material = ExtResource( 14 )

[node name="roof4" type="CSGBox" parent="neighborhood/proto-house-lot/house"]
transform = Transform( -1, -4.37114e-08, 7.57104e-08, 0, 0.866025, 0.5, -8.74228e-08, 0.5, -0.866025, -7.48288, 6.87349, 10.4829 )
use_collision = true
width = 10.0
height = 0.5
depth = 6.422
material = ExtResource( 14 )

[node name="front yard" type="CSGBox" parent="neighborhood/proto-house-lot"]
transform = Transform( 1, -1.95953e-08, -1.13133e-08, 2.18557e-08, 0.965925, 0.258819, 5.85619e-09, -0.258819, 0.965925, -3.48288, -1.12651, -3.51712 )
use_collision = true
width = 20.0
height = 0.5
depth = 8.0
material = ExtResource( 14 )

[node name="back yard" type="CSGBox" parent="neighborhood/proto-house-lot"]
transform = Transform( 1, 0, 1.06581e-14, 0, 1, 0, -1.06581e-14, 0, 1, -3.48288, -0.12651, 12.4829 )
use_collision = true
width = 20.0
height = 0.5
depth = 24.0
material = ExtResource( 14 )

[node name="sidewalk" type="CSGBox" parent="neighborhood/proto-house-lot"]
transform = Transform( 1, 0, 1.06581e-14, 0, 1, 0, -1.06581e-14, 0, 1, -3.48288, -2.12651, -8.51712 )
use_collision = true
width = 20.0
height = 0.5
depth = 4.0
material = ExtResource( 14 )

[node name="fence1" type="CSGBox" parent="neighborhood/proto-house-lot"]
transform = Transform( 1, 0, 1.06581e-14, 0, 1, 0, -1.06581e-14, 0, 1, -3.48288, 0.87349, 24.4829 )
use_collision = true
width = 20.0
depth = 0.5
material = ExtResource( 14 )

[node name="fence2" type="CSGBox" parent="neighborhood/proto-house-lot"]
transform = Transform( -4.37114e-08, 0, 1, 0, 1, 0, -1, 0, -4.37114e-08, -13.4829, 0.87349, 12.4829 )
use_collision = true
width = 24.0
depth = 0.5
material = ExtResource( 14 )

[node name="fence3" type="CSGBox" parent="neighborhood/proto-house-lot"]
transform = Transform( -4.37114e-08, 0, 1, 0, 1, 0, -1, 0, -4.37114e-08, 6.51712, 0.87349, 12.4829 )
use_collision = true
width = 24.0
depth = 0.5
material = ExtResource( 14 )

[node name="fence5" type="CSGBox" parent="neighborhood/proto-house-lot"]
transform = Transform( -4.37114e-08, 0, 1, 0, 1, 0, -1, 0, -4.37114e-08, 6.51712, -1.12651, -8.51712 )
use_collision = true
width = 4.0
depth = 0.5
material = ExtResource( 14 )

[node name="fence4" type="CSGBox" parent="neighborhood/proto-house-lot"]
transform = Transform( -4.52008e-08, 1.13133e-08, 1, -0.258819, 0.965926, -2.26267e-08, -0.965926, -0.258819, -4.07325e-08, 6.51712, -0.12651, -3.51712 )
use_collision = true
width = 8.0
depth = 0.5
material = ExtResource( 14 )

[node name="fence6" type="CSGBox" parent="neighborhood/proto-house-lot"]
transform = Transform( -4.37114e-08, 0, 1, 0, 1, 0, -1, 0, -4.37114e-08, -13.4829, -1.12651, -8.51712 )
use_collision = true
width = 4.0
depth = 0.5
material = ExtResource( 14 )

[node name="fence7" type="CSGBox" parent="neighborhood/proto-house-lot"]
transform = Transform( -4.52008e-08, 1.13133e-08, 1, -0.258819, 0.965926, -2.26267e-08, -0.965926, -0.258819, -4.07325e-08, -13.4829, -0.12651, -3.51712 )
use_collision = true
width = 8.0
depth = 0.5
material = ExtResource( 14 )

[node name="deevee" parent="neighborhood/proto-house-lot" instance=ExtResource( 16 )]
transform = Transform( -4.37114e-08, 0, -1, 0, 1, 0, 1, 0, -4.37114e-08, -3.4329, -0.00250936, 1.1886 )

[node name="char" type="Node" parent="neighborhood/proto-house-lot/deevee"]
script = ExtResource( 4 )

[node name="spawning" type="Spatial" parent="neighborhood"]

[node name="slot" parent="neighborhood/spawning" instance=ExtResource( 17 )]
transform = Transform( 1, 0, 0, 0, 1, 0, 0, 0, 1, 9.93855, 0.470803, -8.25841 )

[node name="slot10" parent="neighborhood/spawning" instance=ExtResource( 17 )]
transform = Transform( 1, 0, 0, 0, 1, 0, 0, 0, 1, 2.93855, 0.470803, 3.74159 )

[node name="slot11" parent="neighborhood/spawning" instance=ExtResource( 17 )]
transform = Transform( 1, 0, 0, 0, 1, 0, 0, 0, 1, -1.06145, 0.600058, -4.25841 )

[node name="slot2" parent="neighborhood/spawning" instance=ExtResource( 17 )]
transform = Transform( 1, 0, 0, 0, 1, 0, 0, 0, 1, 24.3967, 1.14647, 8.74159 )

[node name="slot6" parent="neighborhood/spawning" instance=ExtResource( 17 )]
transform = Transform( 1, 0, 0, 0, 1, 0, 0, 0, 1, 29.3967, 2.48622, -2.25841 )

[node name="slot3" parent="neighborhood/spawning" instance=ExtResource( 17 )]
transform = Transform( 0.866025, -0.5, 0, 0.5, 0.866025, 0, 0, 0, 1, -3.54299, 0.156365, 12.4118 )

[node name="slot4" parent="neighborhood/spawning" instance=ExtResource( 17 )]
transform = Transform( 1, 0, 0, 0, 1, 0, 0, 0, 1, 13.1439, 0.470803, 17.48 )

[node name="slot5" parent="neighborhood/spawning" instance=ExtResource( 17 )]
transform = Transform( 1, 0, 0, 0, 1, 0, 0, 0, 1, 14.8827, 0.470803, -23.5441 )

[node name="slot7" parent="neighborhood/spawning" instance=ExtResource( 17 )]
transform = Transform( 1, 0, 0, 0, 1, 0, 0, 0, 1, 16.8827, 0.470803, -0.544106 )

[node name="slot8" parent="neighborhood/spawning" instance=ExtResource( 17 )]
transform = Transform( 1, 0, 0, 0, 1, 0, 0, 0, 1, 47.8827, 2.62349, 1.45589 )

[node name="slot9" parent="neighborhood/spawning" instance=ExtResource( 17 )]
transform = Transform( 1, 0, 0, 0, 1, 0, 0, 0, 1, 46.8827, 2.62349, 8.45589 )

[node name="frank" parent="neighborhood" instance=ExtResource( 16 )]
transform = Transform( 1, 0, 0, 0, 1, 0, 0, 0, 1, 15, 0, 24 )

[node name="frank" type="Node" parent="neighborhood/frank"]
script = ExtResource( 4 )

[node name="merchant" parent="neighborhood" instance=ExtResource( 16 )]
transform = Transform( 1, 0, 0, 0, 1, 0, 0, 0, 1, 15, 0, -11 )

[node name="merchant-of-magic" type="Node" parent="neighborhood/merchant"]
script = ExtResource( 4 )

[node name="backyard-guy" parent="neighborhood" instance=ExtResource( 16 )]
transform = Transform( 1, 0, 0, 0, 1, 0, 0, 0, 1, 52, 2.12349, 5 )

[node name="backyard-guy" type="Node" parent="neighborhood/backyard-guy"]
script = ExtResource( 4 )

[node name="streets" type="Spatial" parent="neighborhood"]

[node name="street2" type="CSGBox" parent="neighborhood/streets"]
transform = Transform( 0.5, 0, 0.866025, 0, 1, 0, -0.866025, 0, 0.5, 21.3467, -1.48596, 48 )
use_collision = true
width = 12.0
height = 1.0
depth = 22.0
material = ExtResource( 14 )

[node name="street4" type="CSGBox" parent="neighborhood/streets"]
transform = Transform( 1, 0, 2.98023e-08, 0, 1, 0, -2.98023e-08, 0, 1, 9.3467, -0.849343, 16 )
use_collision = true
width = 12.0
height = 1.0
depth = 22.0
material = ExtResource( 14 )

[node name="street5" type="CSGBox" parent="neighborhood/streets"]
transform = Transform( 0.965926, 0, 0.258819, 0, 1, 0, -0.258819, 0, 0.965926, 6.22538, -0.529197, -3.32577 )
use_collision = true
width = 12.0
height = 1.0
depth = 22.0
material = ExtResource( 14 )

[node name="street6" type="CSGBox" parent="neighborhood/streets"]
transform = Transform( 0.947585, 0.319505, 0, -0.319505, 0.947585, 0, 0, 0, 1, 22.2704, -2.99938, 25.0445 )
use_collision = true
width = 17.7397
height = 1.0
depth = 22.0
material = ExtResource( 14 )

[node name="street3" type="CSGBox" parent="neighborhood/streets"]
transform = Transform( 0.965926, 0, 0.258819, 0, 1, 0, -0.258819, 0, 0.965926, 11.8996, -0.926977, 35.7956 )
use_collision = true
width = 12.0
height = 1.0
depth = 22.0
material = ExtResource( 14 )

[node name="yard2" type="CSGBox" parent="neighborhood/streets"]
transform = Transform( 0.965926, 0, -0.258819, 0, 1, 0, 0.258819, 0, 0.965926, -7.91212, -1.10476, -23.0341 )
use_collision = true
width = 32.2333
depth = 22.0
material = ExtResource( 14 )

